[gd_scene format=3 uid="uid://bi0thwg8ecb61"]

[ext_resource type="Script" uid="uid://cffgg3ekmlrus" path="res://Scripts/player.gd" id="1_v0iea"]

[sub_resource type="SphereShape3D" id="SphereShape3D_f60y1"]

[sub_resource type="StandardMaterial3D" id="StandardMaterial3D_f60y1"]
albedo_color = Color(1.8005236, 1.8005236, 0, 1)
metallic = 1.0
roughness = 0.4

[sub_resource type="StandardMaterial3D" id="StandardMaterial3D_v0iea"]
albedo_color = Color(0, 0, 0, 1)
metallic = 1.0
roughness = 0.0

[sub_resource type="StandardMaterial3D" id="StandardMaterial3D_cvnsp"]
albedo_color = Color(0, 0, 0, 1)
metallic = 1.0
roughness = 0.0

[sub_resource type="StandardMaterial3D" id="StandardMaterial3D_6t5aa"]
albedo_color = Color(0, 0, 0, 1)
metallic = 1.0
roughness = 0.0

[sub_resource type="StandardMaterial3D" id="StandardMaterial3D_vgqql"]
albedo_color = Color(0, 0, 0, 1)
metallic = 1.0
roughness = 0.0

[node name="Player" type="CharacterBody3D" unique_id=481666062]
script = ExtResource("1_v0iea")

[node name="CollisionShape3D" type="CollisionShape3D" parent="." unique_id=1145467940]
shape = SubResource("SphereShape3D_f60y1")

[node name="CSGSphere3D" type="CSGSphere3D" parent="." unique_id=146510478]
radial_segments = 30
rings = 30
material = SubResource("StandardMaterial3D_f60y1")

[node name="CSGCylinder3D" type="CSGCylinder3D" parent="CSGSphere3D" unique_id=366392139]
transform = Transform3D(0.17677668, -0.1767767, 0, 0.1767767, 0.17677668, 0, 0, 0, 0.25, -0.31455174, 0.32922158, 0)
height = 0.36437988
sides = 16
material = SubResource("StandardMaterial3D_v0iea")

[node name="CSGPolygon3D" type="CSGPolygon3D" parent="CSGSphere3D/CSGCylinder3D" unique_id=535947153]
transform = Transform3D(0.8433335, 0.42083398, 0.33419636, -0.49813846, 0.37887296, 0.7799441, 0.2016092, -0.8242293, 0.5291499, 0.143507, 0.13982081, -0.079877794)
operation = 2
polygon = PackedVector2Array(-0.86854106, 0.12165314, -0.33189362, 0.743429, -0.14199275, -0.08289069)
material = SubResource("StandardMaterial3D_cvnsp")

[node name="CSGCylinder3D2" type="CSGCylinder3D" parent="CSGSphere3D" unique_id=2004274742]
transform = Transform3D(-0.1958775, -0.046209693, -0.14831272, -0.12609518, 0.18670078, 0.108364366, 0.09073053, 0.15971053, -0.16958918, -0.07278784, 0.32922158, 0.3067523)
height = 0.36437988
sides = 16
material = SubResource("StandardMaterial3D_v0iea")

[node name="CSGPolygon3D" type="CSGPolygon3D" parent="CSGSphere3D/CSGCylinder3D2" unique_id=1427084476]
transform = Transform3D(0.8433335, 0.42083398, 0.33419606, -0.4981385, 0.37887302, 0.77994424, 0.20160915, -0.82422924, 0.52914995, 0.143507, 0.13982081, -0.079877794)
operation = 2
polygon = PackedVector2Array(-0.86854106, 0.12165314, -0.33189362, 0.743429, -0.14199275, -0.08289069)
material = SubResource("StandardMaterial3D_6t5aa")

[node name="CSGPolygon3D" type="CSGPolygon3D" parent="CSGSphere3D" unique_id=668058286]
transform = Transform3D(0.15045992, 0.67031217, 0.72666603, -0.9709209, 0.23863769, -0.019096782, -0.18621068, -0.70266193, 0.6867254, -0.57182354, 0.46065503, 1.3398633)
operation = 2
polygon = PackedVector2Array(0, 0, 0.6943513, 1.2375555, 1, 0)
material = SubResource("StandardMaterial3D_vgqql")
